Some((
    red: 0.06863028,
    green: 0.7129401,
    blue: 0.40153444,
))