Some((
    red: 0.029420495,
    green: 0.029420495,
    blue: 0.029420495,
    alpha: 1.0,
))